868825 15703 786304 969838 368337
843464 820821 14760 737780 277000
862213 868196 518591 577798 851762
857189 930579 489236 672209 658870
756546 893334 842610 699193 916195
307008 426097 684350 25753 712747
511521 88691 401642 958292 467844
327032 833899 327545 628896 633158
398504 989318 586755 410316 717122
476469 542697 176835 434303 421226
592523 142682 772249 643171 683052
679012 104990 724999 218749 693501
875675 49365 283164 988991 15859
567021 181709 550071 114239 548062
593727 507749 38178 951020 612231
47804 90685 359029 923317 602046
308042 37790 906488 363145 847315
829719 679825 955635 202157 497606
925831 47243 982336 557306 124878
347714 790669 874211 381979 605231
672135 610624 495922 642332 181095
862960 650419 694024 464468 531132
252123 13111 509729 100431 385469
384587 87315 590814 529418 769207
118230 267230 974021 976925 206846
235986 33134 278358 374748 595391
973776 708902 535725 586635 396188
764280 971365 474149 244724 92221
725288 541594 46806 558722 444897
702303 238307 822743 742474 785597
709919 477921 287716 929591 905511
504176 556207 545283 988467 32062
588755 901625 802520 870446 669772
334856 465661 280567 815086 265770
118190 596327 882374 609955 445969
16713 325396 518444 413476 926954
163143 620719 542025 291774 841971
581898 289116 448968 44378 480830
833383 821191 243681 681522 68774
211577 812292 235444 599277 804626
592106 941236 299200 79853 439684
882644 663768 192528 614089 547443
99963 825698 36007 10623 304608
607941 34191 386372 798815 882300
628881 778761 175417 434055 326947
979187 137472 28387 592802 248963
105989 378656 939917 822462 459802
603625 433840 469347 594101 428214
956221 164889 779916 557207 546772
801076 807306 474510 646373 863723
353402 758194 297816 714477 823674
866595 694969 72392 686921 705009
672071 28328 213482 221803 657741
844084 426161 657342 731300 818838
771486 312216 618709 698384 925461
423565 400343 19953 934777 43727
663411 259602 199791 281221 574326
150261 250668 787060 185436 232750
51448 108045 832858 714824 668050
479370 559597 518609 948172 976865
356937 707182 881496 492583 496916
973004 687443 968387 622160 627824
713971 337459 895201 434421 173715
204364 639989 253454 939887 221169
495256 621452 775135 338650 216122
96241 922478 155007 783155 668134
776340 562356 343678 955697 803815
668396 749842 124248 736207 89927
337284 486776 344035 737504 622278
86213 596207 812825 369244 126636
165724 649828 678456 84668 589800
529484 667603 951204 193554 940232
650059 262232 766748 549115 911210
888507 470401 646229 551599 538924
653615 641139 280044 308032 878079
374357 841881 501357 187432 805870
170754 204444 828512 466796 832035
627609 201857 941648 55934 819195
978004 170169 721333 807178 840623
395990 712430 138465 611194 144875
435867 294627 170633 47432 676415
102225 306532 650487 27048 245231
962979 827082 757109 991398 445603
756876 776207 297802 795435 415033
72563 928132 256699 619420 598518
556207 539513 149220 92771 736561
590777 406177 936982 549694 154741
183746 638173 613639 56189 805468
592225 475965 554963 898725 420338
773674 177239 110986 863389 317831
854959 431417 916172 819374 40915
202047 187771 252215 344826 389105
537435 610067 880972 941853 559961
661504 644199 207193 147096 12964
921779 213532 801314 94885 816139
82256 774079 756561 839717 187403
260092 660588 826793 135373 425033
389057 763201 640096 426841 441653
433487 685419 300359 400428 764874
965335 272215 355540 963457 177297
320395 704596 553108 607882 472949
467362 845755 270343 638827 611961
910293 347855 243922 844362 265174
257530 139369 714268 681683 799605
776541 351539 855949 487521 910764
341538 688656 372815 755268 58185
454550 78276 306656 872532 236311
638533 328651 961990 601128 539807
642543 73959 345241 399886 809364
819394 57295 492819 45615 918982
700185 708999 320806 175343 361215
226979 513154 903929 244516 632323
431211 144755 829683 497015 601863
424333 641719 733022 19272 387744
527560 872042 350726 652195 111846
539676 760720 367518 772809 947533
622835 809330 204501 701901 609638
400703 219233 280727 329817 90238
655937 143678 83360 548425 655441
106530 954869 481885 667489 256142
463907 565924 436907 571853 712241
581767 19791 829668 417726 172081
291820 339854 821962 548058 551459
548068 20179 949300 560843 764349
422952 389784 810222 414633 755502
653449 845927 242473 388588 119235
441387 167869 244988 723309 173558
953192 809629 358239 893783 367356
207996 342051 74037 628420 925163
360250 198675 951676 928911 836537
506145 259129 402106 535921 391041
949960 222469 651802 840314 702499
586870 249878 364367 450846 171680
663273 697138 209756 839295 378086
154954 682421 598367 579444 576683
538265 392305 778481 724149 830441
663994 693952 569062 363246 268074
646851 121478 116265 854294 702502
164626 277480 297465 294838 624124
317501 343374 412886 390604 656986
845334 418044 801678 991833 256020
12901 135785 687690 600181 487640
997461 459806 384836 224230 601000
666900 264172 521038 393847 947068
612307 729347 330070 268728 489065
92598 730040 929045 658067 703932
693214 147573 189422 325302 568193
870096 618291 416422 691538 260591
797593 510398 24894 194550 453383
333232 743240 331572 930634 200255
340223 287494 747090 910601 297597
720327 255117 732839 837837 49842
462410 587460 183231 717948 483477
533609 769293 187550 832014 846431
968374 422234 841090 581838 699094
842257 460078 62975 714008 445802
603132 456100 785241 75182 982370
249724 459348 709026 294522 149135
962560 895882 952751 214311 773253
347199 134056 99654 609596 150102
509827 281123 338298 644915 451390
97567 574719 74532 224284 207574
727366 892796 799935 925172 595930
800475 578650 605983 140604 887927
974483 857567 767660 541325 359263
601513 354771 229581 493487 443199
839934 230734 486353 820223 453369
629030 974052 633886 539846 996146
859023 377571 162917 568999 521105
257099 822607 131966 880749 187050
360087 615749 798149 868290 607592
894896 921183 762027 417748 987620
956698 734944 162665 836917 691331
237893 814909 295117 948666 985863
556838 121578 318487 524111 869724
356170 558613 993489 444573 608955
226148 436521 555761 713310 140279
757075 463048 591767 44943 66976
425447 844089 171313 474455 941486
294923 918255 315141 992418 290431
918419 170912 734057 341920 12885
659541 207186 695512 233397 621170
499522 755764 612183 605134 583305
478856 662221 321342 752353 257363
986999 656733 887503 877334 405028
627725 767305 101619 284812 470803
995510 964877 944508 313621 210138
565925 77370 322363 155643 348541
603757 251959 317623 759945 878453
54667 608308 564292 406376 990281
98858 90007 911225 391349 243323
611209 455849 327437 442450 151665
785837 413315 100753 934813 750438
64871 875258 627198 127600 167745
752562 981506 802632 427822 643692
797487 37879 965338 884480 922149
745997 506498 655544 718655 717184
681828 337724 262996 22095 532212
81186 83718 231129 268484 18665
935286 896500 799714 168720 213532
141506 824787 830703 284890 868824
852858 400591 356706 220784 921546
824655 854834 782723 104737 999491
281478 603365 545640 751925 590748
626888 604043 902104 818140 470118
820488 177546 313659 192781 242525
841176 469753 434403 598280 657415
508243 101524 508192 426834 542707
195586 555261 714726 353862 684142
654681 247397 423945 394837 437435
81148 626532 230775 761107 138157
557316 291151 857149 451659 810285
300029 406261 420729 530473 562146
276777 56639 499629 393827 167323
71120 878501 142174 123809 589629
167965 30065 233190 261576 666164
116298 140132 737424 790060 454598
717888 426424 612803 168190 486037
258434 64072 933044 679546 162135
838946 90182 425219 840210 296212
947234 135738 407468 410646 133947
571754 876989 405488 309598 108196
990841 104651 316411 287692 781771
895062 501740 67715 343665 830244
599036 326439 887620 683154 277031
521583 581602 262950 176735 567642
645350 724463 394633 894953 753957
647860 532115 85881 712546 422374
314971 127476 274697 761700 583398
663731 617434 580671 266078 433155
952878 499109 865604 162440 487524
909559 320188 529711 71490 503688
487844 522305 762018 948749 449643
757312 883169 753151 81055 653129
70091 476544 136468 569234 756822
476607 81032 97251 464295 693050
396948 534654 679577 649190 435669
461993 440262 63529 102128 315813
796842 466023 937305 619761 581248
169631 353813 819323 566265 726770
931134 818949 285603 955809 874629
251682 696037 844199 931612 893386
67014 594299 918420 171585 427167
68100 644895 863210 249611 394371
979755 902422 734426 767239 853812
620586 586074 949505 987886 169939
898747 117574 357855 183844 71360
247909 417034 249606 465410 541904
799331 749750 439665 46898 35899
417988 825959 557211 897716 36252
656348 505968 78279 172314 162417
310954 609211 508468 227528 351091
188953 585261 468621 562051 578418
439219 107895 185764 336836 942083
625502 38282 521531 244458 257922
950119 503587 10560 953903 503153
355755 72510 527566 392683 283497
101029 700567 962877 597251 59041
692025 891040 738293 336948 645490
972897 149774 294052 720021 750723
414144 452085 866833 819266 928393
183983 401548 224316 179809 520712
362371 621151 825413 35188 254280
773722 677586 313979 654684 428622
743004 938753 983646 523718 975640
254078 988176 922987 750484 960262
568295 46999 853547 365122 429295
258107 943887 180362 451678 373206
447644 563004 558520 954550 820591
718111 89467 145146 425152 683935
275364 396869 970953 115579 366930
958000 999960 949816 876705 811815
237130 982889 704967 684071 863151
337900 864505 604389 190974 911277
209047 647662 684588 500027 167181
410409 154604 644744 774189 34553
598874 314542 31625 628827 707509
105078 388470 932469 862390 806391
422755 930317 263560 557116 589912
436943 348636 290186 121594 479352
821873 730040 981141 648512 778600
931622 219786 342959 186378 866093
393431 455854 914434 942850 594689
256105 56542 369017 803933 107425
994773 434396 822676 383342 220411
597575 513753 62774 861726 291113
646705 136180 285738 703465 28772
60605 890026 423862 813794 289822
370865 12632 146961 829005 409670
637490 356921 899855 233783 241323
411349 278220 438737 499389 731060
441166 736360 17045 557426 241841
540909 571372 402258 996736 481475
403832 884806 29233 322284 91464
278642 418873 114190 525549 750123
830428 540681 74070 19387 552153
822626 144035 239322 268803 726954
74031 627225 205992 736326 279793
522881 768495 596501 324547 859697
307641 714343 230184 439767 606970
793981 667571 777224 174422 121254
952032 301345 461044 153880 556924
744961 33505 869068 624490 78943
507585 953769 517763 389979 141853
450747 602070 965845 667374 588120
311238 766697 615854 961743 856077
303592 814021 634178 371796 837091
897852 902310 527543 996823 762791
995476 924185 595498 508530 450629
707868 329482 781906 746656 729550
179378 497871 805347 132042 313165
132043 696664 831799 199858 365195
462457 441642 168287 105953 76650
19718 539806 71934 985382 267861
604856 278452 719121 528461 907479
358470 323025 595420 383178 736422
648960 544620 410643 862144 653625
796058 396751 955001 796378 297063
128423 266332 667387 238006 904410
760171 585185 899136 804792 257118
165423 768048 40230 687274 344177
292102 874510 685461 691687 653693
952138 759938 173085 229679 598784
85140 101090 261141 672023 972313
435405 882686 78938 578276 138889
585245 192183 516459 496883 89188
220340 827847 559465 346313 226212
862648 452384 439099 646365 227198
632607 120249 231468 363028 594720
32438 766175 120983 911296 845425
535857 598466 404837 196160 465333
380388 915566 515360 12516 890988
513964 570313 73479 570016 231681
155673 956080 896355 158695 102721
809899 430529 751346 991645 639092
560668 233252 529738 360547 521981
398920 242930 146406 237812 888218
936922 824898 619403 407894 734655
130911 410114 969570 416843 357811
916884 292542 957530 361810 844867
990635 602237 466139 326379 668553
666731 412477 814526 294326 617926
930597 798619 485895 798754 881730
388883 391250 17441 540150 396601
979635 109776 935584 293256 439590
141661 546258 460208 398557 960553
611752 72464 843370 51281 765245
178545 996489 769382 575386 701326
378624 77934 968486 94473 722427
451552 252079 98403 878640 655659
222142 748669 572651 273023 543286
77571 574095 247442 121836 627374
114549 558896 858420 949424 549513
96655 14787 251906 910009 994203
499532 669151 311358 149025 695443
630033 620256 672746 151429 242868
762101 91970 811205 830736 601766
996479 961541 563590 928899 658887
429090 932618 554282 921694 112387
384368 782355 568598 579075 404815
315052 229832 710422 398138 47298
813948 873643 329867 209318 394092
29812 132751 699306 963358 814316
189813 209338 707671 704745 307366
12866 274152 235741 119646 696811
719640 140306 403682 50454 944217
941591 942360 885883 751893 839700
90426 85918 656107 608367 598900
301247 217049 285901 253086 789632
961301 211754 50863 199683 486646
271463 423513 922741 985446 554586
299301 986827 266302 805937 910313
225375 295417 291108 870064 280554
614715 383778 203600 522073 170000
49978 693185 893499 369027 35030
874374 285681 255857 40665 516460
853925 791690 425464 902506 419994
887508 431382 979663 153522 772769
200035 585445 915402 951312 404790
578534 403809 821968 369720 136373
421395 129570 230322 651728 469314
902850 668605 955036 36053 610908
625985 689894 683919 146914 309914
452895 522019 279115 636988 212342
66281 180178 735614 790689 532925
287685 780316 929899 730418 308866
163471 388790 750173 692745 375644
577470 218904 447302 759597 201495
594834 515597 936054 508915 892580
713353 53527 692565 533454 871691
424310 10263 16807 45935 595724
532679 688490 748030 319421 670884
431891 825917 22871 542034 625896
581952 758470 784279 356268 692523
429204 180841 294634 639776 158425
93789 409825 27924 16427 359374
198788 951563 48158 554470 401939
925757 511248 848741 688418 620655
328030 945110 843944 222015 963159
540624 698945 498285 256316 599771
637803 76807 661598 346687 699536
59501 57877 673049 179507 235146
975404 625008 957617 344574 114425
815499 559767 802292 458818 318848
234000 16738 632719 102323 747093
708645 995058 795833 172171 54962
283542 31845 669451 454985 439496
796062 450728 674876 929111 60924
137465 691392 139691 85342 869887
907207 566077 815668 894108 728007
613158 873460 355168 798758 858837
702035 228539 934356 498259 196405
862438 564701 476609 867995 902669
979377 686369 446315 800792 61630
50092 204045 194531 605996 179323
342749 341716 115134 859786 549007
276089 683186 224179 338030 217556
415712 355120 792331 772150 218059
703531 176275 137580 47722 708477
671986 533844 226495 346031 255810
142662 307310 158739 688696 490788
37385 484224 924417 560465 234829
118949 826115 167542 928492 126101
386040 913224 782266 233912 43393
490229 225777 66756 181346 347356
313216 960758 883543 494763 86149
967781 644940 390503 631877 332845
958431 776136 414745 585273 718337
230817 929585 717415 603356 651421
723898 186012 968731 537747 619895
72718 958365 24640 341167 159520
266294 848186 510776 469840 753753
830790 401615 471497 966233 181471
986002 225964 865116 83759 798559
242359 767486 581963 393686 801766
79061 646867 510598 513151 790280
102687 174292 251177 542686 961545
869543 527407 95374 116845 866176
187005 754609 948767 377490 873491
66847 158558 414465 819158 526963
360158 855487 388108 507574 983705
703868 519312 974474 731896 419209
808600 653226 449477 550247 745064
700446 470628 702873 186748 745666
901171 719264 731473 483286 750420
716552 896866 964267 763177 664574
366587 725837 37934 972283 480492
21494 958013 482646 42510 143970
873260 468881 81820 823898 848580
433031 675820 968324 630262 805780
232230 676718 488778 352665 359113
701362 314733 420503 375795 949607
862335 709717 450091 423929 650331
313047 358567 827556 789704 284168
435721 105512 576307 72341 882494
608194 602704 532657 248662 426309
96329 469616 760643 271025 144546
240407 110829 447193 659090 12515
871290 321517 942061 751213 273983
348233 62419 800172 758219 165767
387215 603447 512168 969469 746860
29189 290513 901296 798346 112970
90903 539120 328540 563066 86302
997173 523270 480998 20052 961400
690584 377317 598702 165130 62614
803656 877172 385928 786318 326317
913534 681625 235033 707417 693133
75360 852813 145035 517131 690960
814618 334877 202982 577355 878886
862591 204904 939441 146753 26297
807811 366430 413339 58761 112812
91095 355512 802872 882173 230948
921782 995726 326763 360008 539121
171718 718085 964135 274451 896132
402118 684965 164114 427458 876664
277408 920485 121468 962680 375712
85150 715167 456273 15851 672284
418705 766237 860909 487701 383757
640125 945169 18676 171948 803301
499778 875771 769417 817234 546722
344494 828995 450864 161616 455839
159196 587745 483067 463277 943138
60941 506220 955306 47677 45984
114759 165552 592495 198619 483219
537362 330701 650407 380057 753027
227071 635663 872440 522808 833540
544281 130066 813547 586793 40614
528442 620221 245250 236397 417920
793402 941918 961067 848734 233229
764869 278203 529232 751172 622412
811903 248002 294029 924718 840757
523200 173709 887529 776755 522776
215603 886524 290226 950805 912174
63577 544228 626304 756083 470831
326822 760358 602755 933332 838732
846961 854377 955729 878923 239863
187420 923355 49460 609365 185397
581166 230024 735049 511525 85389
914338 111310 504141 226880 670322
346883 337679 469145 270127 336282
872820 177938 616853 537031 418787
473384 186442 63670 593758 46682
556588 770278 257754 516901 940799
344347 521384 236075 647538 801768
517636 422860 753025 771266 256109
107784 747230 223638 136273 775233
266043 622657 660256 983660 529708
766968 175803 182984 380066 902037
573396 507434 70742 820529 801783
266031 523094 763915 860609 433060
604992 11993 911388 822148 458857
680335 903857 513227 496405 986807
525708 745173 826455 893302 68285
907144 477728 82507 367328 706629
453774 520829 668576 895661 761685
449361 323743 524755 206627 510224
377853 513015 567592 479243 491333
297262 967615 993911 927624 455251
875959 836487 446801 620053 738335
678865 296893 296390 593089 73929
199926 132799 685362 334043 329731
33814 958081 323305 349619 815345
895123 511172 95398 198106 685008
374493 132173 932450 723091 305562
412392 918817 654336 804928 459966
105138 130645 107687 124186 856745
224502 668547 910873 81999 579435
987373 165509 255944 35559 743955
619575 75653 312299 332584 506174
285235 276394 44182 107890 698317
902851 812721 995447 571778 731975
320646 580533 231036 189244 616039
909764 674683 999781 85522 410078
366323 821918 557146 684835 472616
35762 718056 415827 835940 936382
759692 616961 806812 172596 519355
134499 200066 763185 902372 867802
202161 514941 143925 537529 954243
92225 328161 811975 41326 257276
480477 662120 609039 114311 913156
929917 513577 467756 710669 753782
720128 614304 890524 477812 79486
742105 651497 966104 772666 551794
668268 136725 973751 877782 617172
658202 440975 991874 87163 834235
337297 379928 854315 643025 382046
402089 365576 10817 801576 632989
422058 952689 491650 171531 526450
311923 40054 20490 479087 813665
244737 542208 335005 836394 678504
418718 158645 334495 51368 964792
787736 148182 543975 921447 125892
513809 818623 727168 526975 417732
661253 360603 871039 250649 825193
260969 135046 777390 43822 87084
763508 687199 371864 377342 969870
969918 393617 605025 867644 677157
932877 450422 603147 264858 116709
458579 16205 578721 470931 630234
532113 204803 872110 492758 383108
98386 595454 396751 543198 501270
418785 163437 115169 185576 846764
242447 206326 10620 868477 175787
147541 419912 127999 257006 907518
225426 406799 368318 23541 81619
689130 852600 987207 972044 365184
498294 270512 271574 183818 899581
76161 540087 180286 844711 871413
676043 232820 658184 613309 703092
302567 285215 851379 581504 459210
503436 803680 102582 685403 844996
180592 372884 591637 988428 383672
218719 572484 916293 203080 343185
13116 95194 105787 906820 427594
70339 782623 668903 487882 213423
205195 189106 402467 566276 933106
775837 554024 588213 163041 390927
672556 159013 945714 823913 612747
408930 944243 923295 949389 991433
185535 859083 88759 984092 784015
802426 820013 57140 547884 119847
496823 230931 403023 725873 747962
924729 768161 612399 277006 785645
873150 803848 987112 268397 604704
99929 769684 140140 909689 117375
666705 936947 93875 386918 946249
473403 315724 527363 627191 675881
924956 51220 529652 103507 122113
672151 442410 169789 215650 578995
749663 216077 806255 142488 441805
24288 446572 463463 833699 94631
726231 550148 640008 774397 573308
130635 723997 482012 409865 92197
989922 70470 755575 479001 89755
326170 39079 643595 875412 750559
437991 349422 529427 390959 261996
568898 694135 870347 259965 360174
181644 463235 63606 389646 351757
424252 875592 688496 921942 897624
939530 827329 66165 259645 89098
747563 590017 73952 16448 863097
374622 970357 173274 557487 800593
711081 471647 43162 775670 294554
880515 541148 62046 866395 770915
100243 397537 64701 873401 13931
171712 167773 34277 529549 126883
936747 677321 585670 982489 670889
582031 489900 845188 926500 525212
977332 104388 482599 661661 398939
798110 764953 235755 115916 259156
253667 914216 506959 592099 82593
826534 453814 987677 376749 138109
788766 769381 13848 499603 493721
585383 720631 346108 626639 409841
356635 780125 495559 231621 493114
430913 916406 122774 335512 519970
73825 597642 323333 792327 678925
500453 547823 846809 766272 217690
198529 954666 844424 988092 90271
16745 105676 660656 978258 284469
861122 947845 219722 382507 319234
591059 784744 755833 77360 648249
547207 268185 298274 490850 381099
143523 967198 905024 727927 700061
952627 588120 331711 529426 426375
469156 389325 791766 303454 954440
40669 365214 873399 304702 494234
51408 217432 940552 106041 906495
233053 853745 234325 833760 535718
195856 959837 741790 605454 303342
496185 576308 391403 564566 522628
661423 680671 383208 322824 600274
710083 627374 345396 860073 663142
655067 409307 729812 169199 614211
179813 999575 244703 840470 530634
818027 452775 484256 156064 780913
259798 490587 923847 848274 425710
561890 406589 352274 923577 168029
571270 635018 519375 646541 50438
890276 769057 825916 817067 916663
575474 145995 801455 948795 289231
614876 941234 784146 113357 910294
855596 704318 132600 758128 338996
149071 299496 282610 481499 247127
112016 252989 259515 756220 773575
332714 547240 51188 368448 78214
422915 884376 680260 159157 293498
235849 853676 721443 381592 56173
196954 438220 440736 908769 220049
859320 604441 785017 361778 635580
973286 403290 373227 257687 421385
818445 756365 166096 258352 268054
549106 193927 452731 331820 956834
583857 477038 940631 97938 616390
350678 309368 576508 325134 31511
48247 788172 442654 506070 526670
102739 597010 160804 723591 760177
32439 374250 326785 914793 580634
843265 969488 296726 293844 450134
82813 935476 344862 884192 756286
551170 522001 925049 127008 971482
910118 785732 525043 506955 65456
920253 364241 311121 996687 213256
891531 208075 593366 521209 333346
634601 28657 602532 475050 217277
628218 383750 640537 671447 515779
903421 378228 457597 946746 69591
925434 887073 974088 280422 688155
928180 787773 491380 329752 629208
138310 63675 427296 208329 845934
958908 48241 86391 346645 862525
542477 881255 856722 97580 423489
631699 188443 137757 953124 307461
331093 987954 272699 659601 24719
583577 599679 78135 926501 689733
989316 338027 986481 93928 115950
995399 263953 907902 657007 202006
263531 143975 806537 136296 233424
790272 175865 621982 426083 883533
660354 337361 10901 22962 411893
848990 229040 488847 598615 291739
505775 203736 333479 864109 698894
605636 252542 608237 603541 330032
785681 269869 898823 799110 30076
540017 866056 539539 536184 679813
583075 838148 510095 125940 245850
695871 35295 736368 922042 267927
127535 597007 154377 353301 919118
498551 901133 606384 633494 597307
480422 352007 306990 499609 792905
193880 537714 528831 575752 264229
938983 90221 656653 69763 90724
480360 837491 897145 283806 742804
894587 437034 898744 548332 358494
598294 444248 285042 878890 393423
83092 332523 512473 303446 220814
616247 391731 373547 349203 439325
266095 174703 205680 748582 893239
906579 435600 983863 634681 836238
568696 310327 297086 933431 427820
695039 911625 463234 545361 756696
348665 528237 83754 560457 189990
253085 115294 185183 399174 278384
105790 870668 402221 844498 943292
580227 786206 832490 167068 255497
359453 122991 460179 830146 34669
250111 868228 135978 630628 812011
250195 737710 217109 666375 354577
200358 855277 577379 812125 858032
92201 988580 510611 301939 616858
904099 356189 810721 954853 105560
438163 622441 45741 602483 589153
894158 884516 351973 292436 646291
875116 972798 57111 105338 391375
413651 557232 361267 320159 490142
682867 434324 764272 385246 858388
25104 686998 380352 430654 362339
409077 878575 535183 187953 244894
82394 163330 474597 868070 615549
874652 677459 769838 187784 586767
664121 532181 564711 324107 390229
317875 374888 912802 500090 870837
650625 662662 401511 307170 574531
286353 631611 343304 756453 281556
994501 302995 742526 713991 36134
995347 212807 652968 847661 800975
184658 198740 425123 821919 542410
728366 393130 159002 379450 206557
749157 566991 184848 303854 391197
503981 616859 261102 671383 158027
85368 369143 907789 723256 985683
323995 674295 805468 626460 695315
696256 508787 447659 705351 769554
223409 143174 615703 812624 491359
50043 139692 937702 767419 94549
994327 622862 245686 633191 584262
961124 996261 954497 759230 926856
904200 865566 154173 860081 812604
146664 84479 860257 898407 793049
227471 123846 341150 110099 705731
993781 267069 973939 256457 74361
442316 716491 536199 784570 12464
701329 277719 891371 270965 693354
290257 742089 814796 382645 867794
113754 641896 807655 160844 986022
529527 385225 95719 601663 392555
435104 559184 293274 204468 495771
922408 776013 274577 934582 919300
57010 865592 691237 844971 913367
750749 622775 690330 448815 231686
839698 785492 326474 767204 848201
766038 371728 549789 884193 166570
219604 763728 949338 761833 223519
427750 686786 542064 359142 589915
71651 882137 608034 77833 695921
813845 176703 70597 852040 627989
14428 930864 756318 511160 131142
575686 123321 34466 655123 182658
303983 287754 847344 250839 933004
929449 255617 393983 906113 214160
512240 786485 252549 545100 371151
487909 506245 538609 712898 476423
966782 234466 79103 802550 759445
919225 349276 327526 12239 674965
371831 72243 596390 573303 891985
731194 72980 983431 442723 864554
50697 996227 406545 374014 462204
826151 163654 230993 153543 363460
243545 215477 947195 813926 894044
822871 244276 747568 271287 861173
118025 491493 127640 240835 307457
642433 279105 298444 719041 404990
303440 943994 11812 750147 301045
240709 963714 596707 592501 572940
748072 837133 306744 585492 935419
743804 918755 520383 334938 875250
312947 262914 512866 641310 467166
352770 710352 901083 95652 746989
389868 903765 921623 752333 231417
252917 832790 22747 513237 366388
104748 274524 597207 877171 278183
597933 977948 409013 263180 317366
173406 969451 547341 512009 954899
971582 341313 863037 210274 820470
284936 741439 744930 72968 726734
620163 596009 134250 808746 241790
975765 185735 781948 951876 128610
778410 397567 907259 738363 518408
286528 278281 778130 122799 871631
557406 253128 27858 108302 618844
676062 26240 485712 573262 634469
962076 901056 986205 154775 204600
639724 606859 360428 249931 989683
720832 327368 296361 734962 953156
287068 807956 917514 288026 36763
136863 882424 190921 628030 745097
597218 850152 963062 914754 347478
910468 516077 155631 42643 567380
931272 589863 907714 666271 443175
240592 285883 875844 464227 618716
585048 51642 43276 449593 487055
434318 589722 803961 444257 152426
19292 825856 122379 867684 581896
446202 988730 780801 878162 161330
841317 823082 900741 513967 920185
104004 429153 480267 722368 404009
352689 822551 590027 361761 236097
297854 998636 922329 252194 950280
649366 793598 108541 271389 305166
451756 157185 942024 682519 973040
670319 668400 794630 12214 797643
353665 197457 121494 554851 392669
350667 345429 487510 812838 930574
295837 880484 766257 137425 280884
717420 491180 791721 993227 377685
132960 557642 405185 299530 809593
717206 336780 920897 927959 367002
18277 135157 286985 945030 474730
420013 764951 444214 368700 861254
599609 580878 70404 974830 884406
394913 808849 560386 452070 672537
363123 850276 581158 584366 104374
683338 707909 937201 659841 383179
793950 643278 353090 177194 833496
365067 34411 745077 570036 897596
55523 592619 725273 385603 383847
824075 483893 12404 588434 526928
799483 113390 379572 988672 226264
872750 93198 730793 881211 763351
676670 779151 889851 60366 856854
910501 300105 430517 290006 742749
555687 247229 211819 969793 586389
469050 672550 653317 594181 839729
835638 381146 309871 34532 698726
779571 460657 697611 472212 231140
567382 570662 921351 478398 836738
194832 660131 285935 243522 861523
427118 425595 443087 545329 574156
646976 813768 182429 360932 472372
475131 142027 87163 509447 519108
137690 917319 643911 735919 789234
343804 808172 55778 518244 169968
30949 587716 507189 542242 152633
52528 950609 746381 929330 27751
873948 554745 422372 463044 662337
268195 80293 17203 39762 739153
979772 199811 549150 585135 703958
725269 948156 828552 752354 380290
336262 306260 627778 212174 948256
529258 177668 327216 111062 454011
852058 835535 278209 67796 705235
267436 609647 952920 738935 348241
42321 917390 262418 597344 222902
684940 146497 938671 319401 52799
341852 281342 878076 64454 308463
824674 639680 109026 423360 244173
825753 760744 55161 417923 881754
573660 358817 132860 419932 947905
304252 664307 941163 371438 45290
714747 267029 729435 650819 823341
508552 166201 705002 94997 357524
670300 738238 549371 880923 106217
268185 48101 993748 999089 149028
113596 557832 185272 81310 18194
794975 562539 434381 76107 570087
298063 826855 622807 699904 624635
356660 248876 363617 346341 26249
946974 658622 495371 919761 746139
407467 914011 891635 850011 846562
725514 233527 195800 761091 697082
924217 383511 960226 738179 215987
46936 38718 191719 298644 39725
348872 886828 91846 207566 333167
373815 195305 511760 291268 237532
727279 528868 892879 775644 97909
991951 66259 726629 532213 381210
133222 638144 344157 732544 844925
33149 300110 457598 18515 64599
929010 906594 755192 167755 13906
954490 339828 469596 380303 735587
118976 902081 620455 869467 328747
415141 454303 567865 147929 680891
432726 108449 252338 296802 729745
631727 385044 224909 970442 573234
999987 607949 984941 570533 257059
123644 697180 28714 21098 655073
753445 933889 63199 353782 235133
703840 830329 351707 282695 730522
364339 474661 27708 287794 724125
459345 229176 115751 271973 814393
347398 667028 451203 668973 116222
667733 12061 999637 302548 362796
469057 939527 226938 318138 235814
470812 672560 206855 223670 305801
333084 208464 352331 998032 146624
651464 482031 100543 624007 885947
940678 759755 266212 333437 163126
739242 850582 814567 130693 757179
519393 700304 438530 99714 855938
515532 211590 728228 292876 650958
594499 621611 758732 186881 992341
601489 207699 714397 172509 883954
609079 936248 476999 945552 24688
366249 80782 949405 454589 901195
613741 221723 926875 734459 51237
27315 263291 795562 228913 111134
740892 827912 57973 66837 285592
584577 418281 629198 797135 893924
647233 469179 668474 136241 560087
554589 799553 240045 439425 486319
850598 681949 787008 268682 977870
299826 51020 92443 298320 712041
82669 824321 939633 138616 782274
244798 834932 279831 931314 698246
866168 723157 493979 617824 346739
685587 425140 176884 877266 861412
907353 98720 934443 910162 815011
713616 240164 263298 203120 907597
648884 824593 979249 72353 177450
387225 614997 471478 735609 468912
595331 322536 722328 326329 840129
34956 496306 399693 608835 21497
873579 443564 162451 167104 660707
904191 305585 71005 508585 277189
910576 818436 960523 549777 223947
534677 666360 333877 190155 211100
704835 59559 513592 775821 565876
920924 262492 639408 41520 102906
719033 959517 933845 597518 752450
169214 979070 331952 183067 664985
305466 602544 758925 112432 635767
855702 475266 664547 604315 719758
223788 241152 54522 380314 256182
450860 686634 773743 770468 903200
702632 872835 442276 350039 987677
495454 71570 455594 311557 80211
683106 377114 941826 90330 430465
849268 548263 589558 193908 446363
195986 92879 473068 881887 929319
734841 908462 612243 490804 974866
711229 966617 331847 911229 457316
955758 842890 712855 960503 211209
180005 400045 675054 812803 320637
704253 470711 638935 386293 473148
611067 138081 919620 399747 990479
846271 735662 192259 321180 475980
692433 932181 556000 746800 738522
213527 624078 455574 95977 458309
983922 826647 14296 382401 307663
112810 630699 743501 308219 727840
344053 531109 147597 488295 87288
231293 238978 426965 309268 578410
208943 182526 516929 742767 636339
687184 803710 910162 514477 744323
829746 277185 453717 884177 392307
88378 905720 357310 258864 163321
212766 585743 787388 55024 549560
727467 759446 383253 464993 444599
595217 497122 925454 17569 370016
296967 349637 84236 583543 309918
179171 292462 289178 857572 736255
406236 253308 893162 145154 676815
967403 931750 509229 18281 714089
746860 411664 106739 405532 803174
708887 345938 278718 964518 170619
392087 332843 848311 84536 220650
830380 193156 729553 719354 44979
739340 185008 799837 484601 637265
336447 891150 424951 361031 891316
571760 881095 53772 782767 952154
360973 402824 435536 44241 184039
934718 458840 662555 167536 581741
608077 944755 144350 413020 858070
604436 669189 652596 271100 990711
32903 197267 558640 812179 86020
983411 94734 399490 214690 452745
779421 135641 604670 278202 754837
579630 458854 174998 751800 906591
476861 992221 593091 523685 695079
518659 846071 483272 438078 121673
163109 847757 185205 232812 373602
317906 515075 397636 247667 921449
158405 357886 45882 29140 590026
796821 790128 293595 779162 909576
453525 690406 255491 755105 117999
638884 660658 506542 468540 232992
602283 254924 286508 153487 123875
91398 91559 76560 509638 797603
668762 457004 917348 527386 965142
383063 252843 787566 987623 24877
583618 310484 129151 54446 131934
263097 531262 821560 152194 393694
43167 779441 787869 171077 449775
221265 512213 252837 877345 445623
177302 138185 648597 562052 908340
263036 894057 78001 447017 493544
523121 80433 408580 696644 940436
124249 161719 339697 126034 886799
718292 949644 444059 707668 345092
852436 306216 98095 774488 987909
